0 0
1 -1.08696
2 -2.09715
3 -2.96122
4 -3.62386
5 -4.04908
6 -4.22369
7 -4.1584
8 -3.8867
9 -3.46147
10 -2.94971
11 -2.42586
12 -1.96449
13 -1.63282
14 -1.48415
15 -1.55249
16 -1.84923
17 -2.36189
18 -3.0553
19 -3.87501
20 -4.75249
21 -5.61186
22 -6.37724
23 -6.98011
24 -7.36603
25 -7.49994
26 -7.36953
27 -6.98652
28 -6.38544
29 -5.62031
30 -4.75937
31 -3.87843
32 -3.05348
33 -2.35331
34 -1.83283
35 -1.52776
36 -1.45117
37 -1.59231
38 -1.9177
39 -2.37449
40 -2.89573
41 -3.40697
42 -3.83367
43 -4.10856
44 -4.17835
45 -4.009
46 -3.58919
47 -2.93155
48 -2.07149
49 -1.0639
50 0.0221283
51 1.10994
52 2.12268
53 2.99071
54 3.65828
55 4.0889
56 4.26875
57 4.20796
58 3.93947
59 3.51573
60 3.00348
61 2.47706
62 2.01113
63 1.6732
64 1.517
65 1.5771
66 1.86548
67 2.37028
68 3.0569
69 3.8713
70 4.74527
71 5.60302
72 6.36859
73 6.97321
74 7.36203
75 7.49942
76 7.37253
77 6.99245
78 6.3932
79 5.62837
80 4.76592
81 3.88158
82 3.05143
83 2.34455
84 1.81629
85 1.5029
86 1.41808
87 1.55168
88 1.87077
89 2.32295
90 2.84154
91 3.35223
92 3.78037
93 4.05845
94 4.13273
95 3.96864
96 3.55429
97 2.90168
98 2.04569
99 1.04078
100 -0.0442548
101 -1.13285
102 -2.14806
103 -3.01999
104 -3.69246
105 -4.12845
106 -4.31353
107 -4.25723
108 -3.99197
109 -3.56975
110 -3.05703
111 -2.52808
112 -2.05761
113 -1.71344
114 -1.54972
115 -1.60157
116 -1.88158
117 -2.3785
118 -3.05827
119 -3.86732
120 -4.73771
121 -5.59379
122 -6.35951
123 -6.96584
124 -7.35752
125 -7.4984
126 -7.37503
127 -6.99791
128 -6.40052
129 -5.63603
130 -4.77213
131 -3.88444
132 -3.04915
133 -2.33561
134 -1.79959
135 -1.47791
136 -1.38487
137 -1.51092
138 -1.82369
139 -2.27123
140 -2.78716
141 -3.29726
142 -3.72682
143 -4.00806
144 -4.08683
145 -3.92803
146 -3.51916
147 -2.87162
148 -2.01976
149 -1.01759
150 0.066378
151 1.15568
152 2.17331
153 3.04907
154 3.7264
155 4.16772
156 4.35802
157 4.30622
158 4.0442
159 3.62353
160 3.11038
161 2.57891
162 2.10394
163 1.75356
164 1.58232
165 1.62592
166 1.89753
167 2.38653
168 3.05941
169 3.86305
170 4.72982
171 5.58417
172 6.34999
173 6.95799
174 7.3525
175 7.49686
176 7.37702
177 7.00289
178 6.4074
179 5.6433
180 4.77801
181 3.88703
182 3.04665
183 2.32649
184 1.78276
185 1.45281
186 1.35154
187 1.47003
188 1.77647
189 2.21935
190 2.73258
191 3.24206
192 3.67302
193 3.95741
194 4.04066
195 3.88716
196 3.48379
197 2.84138
198 1.9937
199 0.99433
200 -0.088496
201 -1.17844
202 -2.19841
203 -3.07796
204 -3.7601
205 -4.20672
206 -4.40222
207 -4.35492
208 -4.09615
209 -3.67705
210 -3.1635
211 -2.62955
212 -2.15011
213 -1.79353
214 -1.6148
215 -1.65013
216 -1.91333
217 -2.39438
218 -3.06033
219 -3.85851
220 -4.72159
221 -5.57416
222 -6.34003
223 -6.94967
224 -7.34699
225 -7.49482
226 -7.37851
227 -7.00738
228 -6.41384
229 -5.65018
230 -4.78354
231 -3.88934
232 -3.04392
233 -2.31719
234 -1.76578
235 -1.42758
236 -1.3181
237 -1.42903
238 -1.72912
239 -2.1673
240 -2.6778
241 -3.18664
242 -3.61897
243 -3.90649
244 -3.99423
245 -3.84603
246 -3.4482
247 -2.81094
248 -1.96751
249 -0.971009
250 0.110607
251 1.20112
252 2.22336
253 3.10664
254 3.79354
255 4.24544
256 4.44612
257 4.40333
258 4.14783
259 3.73032
260 3.2164
261 2.68
262 2.19612
263 1.83336
264 1.64714
265 1.67421
266 1.92898
267 2.40204
268 3.06102
269 3.85369
270 4.71303
271 5.56376
272 6.32963
273 6.94086
274 7.34097
275 7.49226
276 7.37949
277 7.0114
278 6.41984
279 5.65667
280 4.78874
281 3.89136
282 3.04097
283 2.30772
284 1.74866
285 1.40223
286 1.28455
287 1.38791
288 1.68163
289 2.11509
290 2.62284
291 3.131
292 3.56467
293 3.85531
294 3.94752
295 3.80464
296 3.41238
297 2.78033
298 1.94118
299 0.947626
300 -0.13271
301 -1.22372
302 -2.24817
303 -3.13512
304 -3.82674
305 -4.28387
306 -4.48973
307 -4.45144
308 -4.19922
309 -3.78334
310 -3.26907
311 -2.73026
312 -2.24197
313 -1.87304
314 -1.67934
315 -1.69815
316 -1.94447
317 -2.40952
318 -3.06148
319 -3.84859
320 -4.70414
321 -5.55298
322 -6.3188
323 -6.93158
324 -7.33446
325 -7.48919
326 -7.37997
327 -7.01493
328 -6.42539
329 -5.66276
330 -4.79361
331 -3.89311
332 -3.03779
333 -2.29806
334 -1.7314
335 -1.37677
336 -1.25089
337 -1.34668
338 -1.63401
339 -2.06273
340 -2.56768
341 -3.07514
342 -3.51013
343 -3.80387
344 -3.90056
345 -3.76301
346 -3.37633
347 -2.74953
348 -1.91474
349 -0.924182
350 0.154802
351 1.24624
352 2.27283
353 3.16338
354 3.85968
355 4.32202
356 4.53304
357 4.49926
358 4.25033
359 3.83609
360 3.32151
361 2.78032
362 2.28764
363 1.91258
364 1.71141
365 1.72195
366 1.95981
367 2.41681
368 3.06171
369 3.84321
370 4.69491
371 5.5418
372 6.30752
373 6.92183
374 7.32744
375 7.48561
376 7.37994
377 7.01799
378 6.4305
379 5.66846
380 4.79813
381 3.89458
382 3.03439
383 2.28823
384 1.714
385 1.35119
386 1.21713
387 1.30534
388 1.58627
389 2.01022
390 2.51235
391 3.01907
392 3.45536
393 3.75217
394 3.85334
395 3.72113
396 3.34007
397 2.71855
398 1.88817
399 0.900679
400 -0.176883
401 -1.26868
402 -2.29734
403 -3.19144
404 -3.89236
405 -4.35989
406 -4.57605
407 -4.54676
408 -4.30115
409 -3.88858
410 -3.37372
411 -2.83018
412 -2.33314
413 -1.95198
414 -1.74335
415 -1.74561
416 -1.97499
417 -2.42392
418 -3.06172
419 -3.83755
420 -4.68535
421 -5.53024
422 -6.29581
423 -6.9116
424 -7.31991
425 -7.48151
426 -7.37941
427 -7.02056
428 -6.43517
429 -5.67377
430 -4.80232
431 -3.89576
432 -3.03076
433 -2.27823
434 -1.69646
435 -1.32549
436 -1.18326
437 -1.26389
438 -1.5384
439 -1.95756
440 -2.45684
441 -2.96279
442 -3.40034
443 -3.70023
444 -3.80586
445 -3.679
446 -3.30358
447 -2.6874
448 -1.86148
449 -0.87712
450 0.198949
451 1.29103
452 2.32169
453 3.21929
454 3.92479
455 4.39746
456 4.61875
457 4.59397
458 4.35168
459 3.9408
460 3.4257
461 2.87984
462 2.37847
463 1.99121
464 1.77514
465 1.76913
466 1.99002
467 2.43084
468 3.06149
469 3.83161
470 4.67546
471 5.51829
472 6.28367
473 6.90089
474 7.31189
475 7.47691
476 7.37838
477 7.02265
478 6.43939
479 5.67868
480 4.80617
481 3.89667
482 3.02691
483 2.26804
484 1.67878
485 1.29969
486 1.14929
487 1.22234
488 1.49041
489 1.90475
490 2.40115
491 2.90631
492 3.3451
493 3.64803
494 3.75813
495 3.63663
496 3.26688
497 2.65607
498 1.83466
499 0.853505
500 -0.221001
501 -1.31329
502 -2.3459
503 -3.24692
504 -3.95695
505 -4.43474
506 -4.66114
507 -4.64086
508 -4.40191
509 -3.99274
510 -3.47743
511 -2.92928
512 -2.42362
513 -2.0303
514 -1.80679
515 -1.79251
516 -2.00489
517 -2.43757
518 -3.06104
519 -3.8254
520 -4.66523
521 -5.50596
522 -6.27109
523 -6.88971
524 -7.30337
525 -7.4718
526 -7.37684
527 -7.02427
528 -6.44317
529 -5.6832
530 -4.80968
531 -3.8973
532 -3.02283
533 -2.25769
534 -1.66097
535 -1.27377
536 -1.11522
537 -1.18069
538 -1.4423
539 -1.8518
540 -2.34529
541 -2.84962
542 -3.28963
543 -3.59559
544 -3.71015
545 -3.59403
546 -3.22997
547 -2.62457
548 -1.80773
549 -0.829837
550 0.243035
551 1.33546
552 2.36994
553 3.27434
554 3.98886
555 4.47173
556 4.70322
557 4.68744
558 4.45184
559 4.04442
560 3.52891
561 2.97852
562 2.46859
563 2.06923
564 1.8383
565 1.81575
566 2.01959
567 2.44412
568 3.06036
569 3.81891
570 4.65468
571 5.49324
572 6.25808
573 6.87806
574 7.29435
575 7.46617
576 7.3748
577 7.0254
578 6.44651
579 5.68732
580 4.81285
581 3.89764
582 3.01854
583 2.24716
584 1.64303
585 1.24775
586 1.08106
587 1.13893
588 1.39409
589 1.79871
590 2.28926
591 2.79274
592 3.23394
593 3.54292
594 3.66193
595 3.55118
596 3.19285
597 2.5929
598 1.78069
599 0.806117
600 -0.265051
601 -1.35755
602 -2.39383
603 -3.30154
604 -4.02049
605 -4.50842
606 -4.74499
607 -4.73371
608 -4.50147
609 -4.09581
610 -3.58015
611 -3.02754
612 -2.51338
613 -2.10799
614 -1.86966
615 -1.83883
616 -2.03414
617 -2.45048
618 -3.05946
619 -3.81214
620 -4.64379
621 -5.48013
622 -6.24464
623 -6.86594
624 -7.28483
625 -7.46004
626 -7.37226
627 -7.02605
628 -6.4494
629 -5.69104
630 -4.81568
631 -3.89771
632 -3.01402
633 -2.23646
634 -1.62495
635 -1.22162
636 -1.0468
637 -1.09708
638 -1.34575
639 -1.74549
640 -2.23307
641 -2.73566
642 -3.17802
643 -3.49
644 -3.61346
645 -3.50811
646 -3.15551
647 -2.56107
648 -1.75353
649 -0.782348
650 0.287046
651 1.37954
652 2.41755
653 3.32852
654 4.05186
655 4.5448
656 4.78643
657 4.77966
658 4.5508
659 4.14692
660 3.63114
661 3.07634
662 2.55798
663 2.1466
664 1.90087
665 1.86177
666 2.04853
667 2.45664
668 3.05832
669 3.8051
670 4.63257
671 5.46665
672 6.23076
673 6.85334
674 7.27481
675 7.4534
676 7.36921
677 7.02622
678 6.45185
679 5.69438
680 4.81817
681 3.8975
682 3.00927
683 2.22559
684 1.60674
685 1.19539
686 1.01245
687 1.05514
688 1.29732
689 1.69214
690 2.17672
691 2.67839
692 3.1219
693 3.43685
694 3.56476
695 3.4648
696 3.11798
697 2.52906
698 1.72626
699 0.75853
700 -0.309019
701 -1.40144
702 -2.44112
703 -3.35528
704 -4.08297
705 -4.58089
706 -4.82756
707 -4.82528
708 -4.59981
709 -4.19775
710 -3.68187
711 -3.12493
712 -2.60239
713 -2.18504
714 -1.93193
715 -1.88456
716 -2.06275
717 -2.46262
718 -3.05696
719 -3.79778
720 -4.62103
721 -5.45278
722 -6.21645
723 -6.84027
724 -7.2643
725 -7.44625
726 -7.36566
727 -7.0259
728 -6.45386
729 -5.69731
730 -4.82033
731 -3.89701
732 -3.00431
733 -2.21454
734 -1.5884
735 -1.16905
736 -0.978007
737 -1.0131
738 -1.24878
739 -1.63866
740 -2.12022
741 -2.62094
742 -3.06556
743 -3.38347
744 -3.51581
745 -3.42127
746 -3.08024
747 -2.4969
748 -1.69887
749 -0.734667
750 0.330968
751 1.42324
752 2.46452
753 3.38182
754 4.11379
755 4.61667
756 4.86836
757 4.87058
758 4.64851
759 4.24828
760 3.73235
761 3.17328
762 2.64661
763 2.22331
764 1.96283
765 1.9072
766 2.07681
767 2.46841
768 3.05536
769 3.79018
770 4.60915
771 5.43853
772 6.20171
773 6.82674
774 7.25328
775 7.43859
776 7.36161
777 7.02511
778 6.45542
779 5.69986
780 4.82215
781 3.89624
782 2.99912
783 2.20333
784 1.56993
785 1.14261
786 0.94348
787 0.970982
788 1.20013
789 1.58506
790 2.06356
791 2.56331
792 3.00901
793 3.32987
794 3.46664
795 3.37751
796 3.0423
797 2.46457
798 1.67138
799 0.710759
800 -0.352892
801 -1.44495
802 -2.48776
803 -3.40812
804 -4.14435
805 -4.65214
806 -4.90884
807 -4.91555
808 -4.6969
809 -4.29853
810 -3.78256
811 -3.22141
812 -2.69063
813 -2.26141
814 -1.99359
815 -1.92968
816 -2.0907
817 -2.47401
818 -3.05354
819 -3.78231
820 -4.59695
821 -5.42389
822 -6.18654
823 -6.81273
824 -7.24178
825 -7.43042
826 -7.35705
827 -7.02384
828 -6.45654
829 -5.702
830 -4.82363
831 -3.89519
832 -2.99372
833 -2.19195
834 -1.55134
835 -1.11608
836 -0.908869
837 -0.928776
838 -1.15139
839 -1.53134
840 -2.00676
841 -2.5055
842 -2.95226
843 -3.27605
844 -3.41724
845 -3.33353
846 -3.00416
847 -2.43209
848 -1.64379
849 -0.686809
850 0.374788
851 1.46655
852 2.51083
853 3.43421
854 4.17463
855 4.6873
856 4.94899
857 4.96019
858 4.74496
859 4.34848
860 3.83251
861 3.26931
862 2.73445
863 2.29934
864 2.02418
865 1.95201
866 2.10443
867 2.47942
868 3.05149
869 3.77416
870 4.58442
871 5.40888
872 6.17094
873 6.79825
874 7.22977
875 7.42174
876 7.35199
877 7.02209
878 6.45721
879 5.70375
880 4.82477
881 3.89387
882 2.98809
883 2.1804
884 1.53261
885 1.08944
886 0.874175
887 0.886488
888 1.10256
889 1.4775
890 1.94981
891 2.44751
892 2.89531
893 3.222
894 3.36761
895 3.28934
896 2.96583
897 2.39945
898 1.61609
899 0.662818
900 -0.396655
901 -1.48806
902 -2.53373
903 -3.46006
904 -4.20462
905 -4.72214
906 -4.9888
907 -5.0045
908 -4.79271
909 -4.39813
910 -3.88219
911 -3.31698
912 -2.77807
913 -2.33709
914 -2.05462
915 -1.97419
916 -2.11799
917 -2.48463
918 -3.04922
919 -3.76574
920 -4.57156
921 -5.39349
922 -6.15492
923 -6.78331
924 -7.21727
925 -7.41256
926 -7.34643
927 -7.01985
928 -6.45745
929 -5.70511
930 -4.82557
931 -3.89226
932 -2.98224
933 -2.16868
934 -1.51377
935 -1.06271
936 -0.839402
937 -0.844122
938 -1.05364
939 -1.42355
940 -1.89272
941 -2.38936
942 -2.83816
943 -3.16774
944 -3.31777
945 -3.24493
946 -2.92731
947 -2.36665
948 -1.58829
949 -0.638788
950 0.418492
951 1.50946
952 2.55645
953 3.48568
954 4.23434
955 4.75667
956 5.02829
957 5.04846
958 4.84012
959 4.44747
960 3.9316
961 3.36441
962 2.82149
963 2.37467
964 2.08489
965 1.9962
966 2.13139
967 2.48966
968 3.04671
969 3.75704
970 4.55838
971 5.37772
972 6.13847
973 6.7679
974 7.20428
975 7.40288
976 7.34037
977 7.01714
978 6.45723
979 5.70607
980 4.82603
981 3.89038
982 2.97618
983 2.1568
984 1.4948
985 1.03589
986 0.804551
987 0.801679
988 1.00463
989 1.36949
990 1.83549
991 2.33104
992 2.78082
993 3.11327
994 3.2677
995 3.2003
996 2.8886
997 2.33371
998 1.56039
999 0.614721
1000 -0.440296
